7.535627013612514
7.852605232631449
10.304081639872223
8.041180649159935
11.359241202655388
8.893193269771484
15.841292546945322
8.35783382479784
15.849857499151332
5.012344784271161
13.36541360778333
7.724917547237213
11.717731335281352
9.441239427598106
5.427411433118937
12.743704504107003
5.143738763024846
13.78197557756918
13.20727013628398
4.486238120197758
4.611792457494937
15.650646279781606
5.0156674070480705
8.069681764739787
7.815185826746325
11.939676973569053
9.272121794271634
7.061173186445199
7.345501427579055
14.17968931026587