10.758022431804605
13.86759468818218
8.253858808065612
18.622322401988914
9.490232361908872
9.427745629192291
7.987110667721271
16.91109777344341
12.994242800484242
9.744133413419071
5.9563368377651456
11.211005366142457
17.09544776868104
12.01372150411407
11.625841766528724
10.377315576112657
16.750802151816433
10.897694345717104
10.0005191892947
5.7255690834538
6.783885031007731
11.70466255984001
11.348661788107375
17.36540336916139
9.469064987301817
8.023722197862842
8.407451180092739
11.956780614725277
10.423596407054463
12.364659550235992