-1.0316048293683893
-1.0316048293683893
-1.0316048293683893
-1.0316048293683893
-1.0316048293683893
-1.0316048293683893
-1.0316048293683893
-1.0316048293683893
-1.0316048293683893
-1.0316048293683893
-1.0316048293683893
-1.0316048293683893
-1.0316048293683893
-1.0316048293683893
-1.0316048293683893
-1.0316048293683893
-1.0316048293683893
-1.0316048293683893
-1.0316048293683893
-1.0316048293683893
-1.0316048293683893
-1.0316048293683893
-1.0316048293683893
-1.0316048293683893
-1.0312435643113607
-1.0316048293683893
-1.0316048293683893
-1.0316048293683893
-1.0316048293683893
-1.0316048293683893