56.9786806511223
71.30451780676107
55.71869147104992
46.28266705759968
51.39980608451791
57.597889701445105
53.90388635889074
50.09362741976321
43.34280827972181
71.53088530247955
47.61997489024408
58.28652806478299
44.82103415987097
71.82314885460936
63.61733370863175
60.80707188273463
44.53537293566268
48.93132258691391
46.8943710248131
60.83789618426206
60.72238978138143
51.16261340383091
60.209457351956274
60.85398772748463
54.661513913598284
52.38354294345009
60.71543130995818
48.88945497813525
72.99182516765435
59.7428711465573