1.1874476071214919
1.983192902996442
1.2149142746918817
1.9287997713760006
1.2644324224847696
1.4160619423333831
1.6670606008270727
1.2779355900808818
1.7626440587078926
2.238548181487846
1.5283922481977577
1.268151660910028
1.5130963116958296
1.9819878013079835
1.6528516819740195
1.8868507797071128
2.0241047640812577
1.270026201455364
1.6548534336122744
1.402062203172243
1.602961780591845
1.55628124709164
1.4816802740427233
1.565284462206038
1.2231518137663553
1.5334281362043964
1.979277774191929
1.7759147111692388
1.5760685591622927
1.5239222915384327