233.3175898833305
188.47442243828505
164.38248924965714
174.26338525473963
141.28953304337298
212.93776309661166
191.44186538902946
163.4528952963704
122.9385459014095
151.02219207555177
253.80572065432574
134.3358250932871
159.55242063215735
331.212706526076
197.35254555600048
118.01998973588232
184.08005127614797
204.02495674201464
143.6889986114645
200.6165033186822
198.47418723887822
213.83962141525916
180.69438977049532
167.02220105460268
386.308830695921
183.3851398591811
239.1862518711316
207.40290901564805
236.9819557994384
115.67472800126231