12.082689993573876
43.664280446024264
44.373018885380695
18.375559240726343
12.197297704265209
24.233541154052023
40.69132194602271
17.865214953094508
22.917295411200488
19.100175001336005
28.845909192747627
45.29011267741431
47.60531781568921
51.87292595795501
30.148852335322232
21.898972128918412
20.973960396851076
12.570025491768089
35.05111997530003
20.975828705761014
51.62907520157706
31.400865430835548
27.424209493305
13.074501727442229
18.729209123238004
11.72525099828362
15.52774353853541
31.00629014254397
13.26479127127428
36.57464735664847