8.348808048091808
8.636258095082741
7.106092560425472
6.334615482284138
5.979057374885622
8.712165253788122
8.185771387498038
7.392112681884861
4.8827822963176715
10.204948302409909
10.689459722808103
5.130804682433774
8.99847683589243
7.057461640242375
8.945885494159835
11.222375771888466
7.058933093532498
6.171588860757651
6.8253310412575425
6.02210026392299
5.7002858787706225
8.424447478203039
6.970443313024805
9.711324184947001
5.526495066610753
9.026136447129403
6.581892895889586
6.8444483157650575
6.4715218938553924
5.744887346664762