1.608050198949508
1.611779631859021
1.477675654280421
1.8257764669527652
2.2555859199261983
2.1768154936652495
2.813910646652197
1.6547644249614342
3.0977234915335465
1.2574586987371905
1.7458076929851876
1.8973598332282782
1.9016376238551376
1.5831283776475988
2.71464823361966
1.715438292970111
1.497824110607491
1.6610140462939742
1.6911573165211007
1.8342491874353224
1.3701920952696574
1.5330296783381985
1.6882119035128982
1.5621108929971252
1.6421039393967398
1.8013537683269667
1.5692453175990568
1.6859445063357117
1.7732220728807047
1.8001823991214154