10.663964737500786
11.550946789826542
12.147157831110313
12.030719432264958
9.635015546604533
2.871092082063482
5.074566775327542
11.994542717555461
9.064491884083449
11.324551046773522
5.88695848724379
6.696832076635765
8.162111707768569
9.437247244501553
8.470998357345982
9.206013834699151
6.96176863411069
13.652137662660103
6.396681381592812
11.648869838475534
13.12164570772766
10.79299579581295
8.452745711796075
12.760854833447041
7.767804149115744
2.0151182550562385
6.701343939732931
6.401402935804313
6.789566844577504
8.32549475986784