13.39407122148581
21.199956564666863
14.908089431369529
16.22046345146676
25.578662896939107
24.277169709381834
22.60484147656554
18.430459070842282
15.512717587344827
21.63571835727822
16.05213409215419
20.634218541705973
15.600429489011953
20.953813650559482
17.03875829790834
20.210592797012197
19.475721327734046
21.506368099719804
17.6156328904365
17.641009911072263
29.223648324258566
12.858463219618283
21.865991182076172
20.308753023238477
26.724630569974167
14.34246193782608
37.370567348470665
25.71443114977056
48.70576637147769
25.512080155280564