151.48616908824548
163.74003534746737
134.79552191990248
247.90370643233484
181.36821382822922
266.84659300168937
242.2151416519023
253.0695513632059
156.65404815117677
185.4050744362413
175.38529119958778
175.95537930691552
172.99661753201875
189.36325465121115
196.54528610004644
159.40818334715107
163.47095383982003
260.4272276548498
184.27833173440766
290.27710041308114
210.54484697768476
170.65508834976836
149.44850465352283
174.68999849302674
201.72639099032344
164.36061205813223
147.20753160796596
198.98679431542467
239.3705802589965
174.59272609213693