52.70655812852653
31.826435324393398
51.16934193509094
44.157189981212284
43.31183920705121
40.30379982063545
35.47599394735764
57.18725245329113
53.44425457794962
58.18336387596137
56.443305133958944
46.274037061767075
58.28952239643393
47.42094191546313
66.6678124890632
48.01640227490057
47.684297197153604
68.88167569458832
42.788220347582836
45.51201638258817
53.244921530052025
61.03498839824468
62.60475620636644
36.69542976818174
55.777505447068194
48.72690409400336
56.70059952720211
75.58094311996425
36.919186693666894
58.87185564879051