-1.0316048293683893
-1.0316048293683893
-1.0316048293683893
-1.0312435643113607
-1.0308900958220455
-1.0316048293683893
-1.0316048293683893
-1.0316048293683893
-1.0316048293683893
-1.0316048293683893
-1.0312435643113604
-1.0316048293683893
-1.0299278432848196
-1.0316048293683893
-1.0316048293683893
-1.0312435643113604
-1.0312435643113607
-1.0316048293683893
-1.0312435643113607
-1.0316048293683893
-1.0316048293683893
-1.0316048293683893
-1.0316048293683893
-1.0312435643113607
-1.0316048293683893
-1.0316048293683893
-1.0316048293683893
-1.0308900958220455
-1.0316048293683893
-1.0316048293683893